562
7
8
108
109
110
162
163
172
173
183
184
286
287
288
341
342
350
351
379
380
385
386
436
437
438
439
509
510
511
512
513
514
515
516
517
518
519
520
531
532
533
558
583
586
696
697
698
699
700
701
702
710
711
712
713
723
724
725
729
730
733
738
743
755
756
757
827
833
834
835
836
841
842
843
844
866
867
872
873
874
875
891
892
895
896
925
926
951
954
957
1001
1002
1003
1004
1059
1062
1063
1064
1065
1066
1067
1068
1069
1070
1071
1072
1083
1084
1085
1108
1135
1233
1234
1235
1236
1239
1240
1242
1243
1244
1248
1249
1252
1257
1262
1274
1275
1276
1348
1354
1355
1356
1359
1362
1363
1380
1381
1386
1387
1388
1389
1404
1407
1408
1409
1450
1451
1452
1453
1454
1684
1685
1686
1687
1794
1795
1796
1797
1798
1823
1824
1825
1826
1846
1847
1848
1849
1850
2097
2098
2099
2100
2201
2202
2203
2204
2205
2225
2226
2227
2228
2283
2284
2290
2379
2380
2381
2382
2383
2518
2519
2520
2521
2522
2523
2524
2525
2526
2527
2528
2529
2530
2532
2533
2535
2536
2537
2538
2539
2558
2559
2560
2561
2562
2563
2564
2616
2617
2618
2619
2681
2682
2684
2685
3018
3019
3020
3021
3022
3023
3024
3025
3026
3027
3028
3029
3054
3055
3056
3057
3058
3085
3086
3087
3088
3089
3090
3091
3092
3093
3094
3095
3096
3097
3098
3110
3111
3112
3113
3114
3115
3116
3117
3118
3119
3120
3121
3122
3126
3127
3128
3129
3130
3138
3139
3140
3142
3143
3144
3145
3146
3158
3160
3163
3164
3165
3168
3169
3189
3190
3191
3192
3193
3202
3203
3204
3205
3206
3207
3208
3209
3210
3211
3212
3213
3430
3431
3433
3556
3654
3655
3656
3657
3673
3674
3675
3676
3678
3686
3687
3688
3689
3690
3691
3692
3693
3694
3734
3735
3736
3737
3745
3747
3748
3749
3750
3751
3752
3753
3790
3794
3795
3796
3797
3798
3799
3800
3825
3826
3827
3828
3926
3927
3928
3929
3930
3931
3932
3933
3934
3935
3936
3937
3938
3939
3940
3941
3942
3943
3944
3945
3946
3947
3948
3949
3950
3951
3952
4049
4096
4097
4100
4186
4187
4188
4189
4190
4317
4318
4319
4320
4321
4322
4323
4324
4325
4326
4327
4328
4329
4332
4333
4334
4335
4336
4337
4338
4357
4358
4359
4360
4361
4363
4415
4416
4417
4418
4480
4481
4482
4800
4801
4802
4803
4804
4805
4806
4807
4808
4809
4827
4828
4829
4830
4849
4850
4851
4852
4853
4854
4855
4856
4857
4858
4859
4860
4861
4862
4874
4875
4876
4877
4878
4879
4880
4881
4882
4883
4884
4885
4886
4890
4891
4892
4893
4894
4902
4903
4906
4907
4908
4909
4910
4924
4925
4928
4929
4932
4952
4953
4954
4955
4964
4965
4966
4967
4968
4969
4970
4971
4972
4973
4974
4975
5187
5188
5410
5411
5412
5413
5429
5430
5431
5432
5437
5442
5443
5444
5445
5446
5447
5448
5449
5486
5487
5488
5489
5497
5499
5500
5501
5502
5503
5504
5505
5544
5545
5546
5547
5548
5549
5550
5551
5576
5577
5578
5579
5679
5680
5681
5682
5683
5684
5685
5686
5687
5688
5689
5690
5691
5692
5693
5694
5695
5696
5697
5698
5699
5700
5701
5702
5795
